00000000
00000000
00000000
00000000
00000000
00000000
00000000
00000000
01110000
01000000
01110000
00011010
01111010
00001110
00001010
00001010
01110000
01000000
01110000
00010010
01110100
00001000
00010100
00100010
01110000
01000000
01110000
01000010
01110100
00001000
00010100
00100010
01110000
01000000
01110000
01000000
01111110
00000100
00000100
00000100
11100000
10000000
11100000
10001100
11110010
00010010
00010010
00001101
00100000
01010000
01110000
01010010
01010100
00011000
00010100
00010010
01110000
01001000
01110000
01001000
01110100
00000100
00000100
00000111
01110000
01001000
01110000
01001111
01110100
00000111
00000001
00000111
01010000
01010000
01110000
01010000
01011110
00000100
00000100
00000100
01000000
01000000
01000000
01001110
01111000
00001100
00001000
00001000
01010000
01010000
01110000
01010000
01010001
00011011
00010101
00010001
00111100
01000000
01000000
01000100
00111000
00001000
00001000
00001111
00111000
01000000
01000000
00111110
00001001
00001110
00001010
00001001
01110000
01000000
01110000
00010000
01111100
00010010
00010010
00001100
01110000
01000000
01110000
00010000
01111110
00000100
00000100
00001110
01110000
01001000
01001000
01001111
01110100
00000111
00000100
00000111
01110000
01001000
01001000
01001010
01110110
00000010
00000010
00000111
01110000
01001000
01001000
01001110
01110001
00000110
00001000
00001111
01110000
01001000
01001000
01001111
01110001
00000111
00000001
00001111
01110000
01001000
01001000
01001010
01110110
00001010
00011111
00000010
01001000
01101000
01011000
01001001
01001010
00001100
00001010
00001001
01110000
01000000
01110000
00010000
01111001
00001101
00001011
00001001
01110000
01000000
01110000
01001110
01111001
00001110
00001001
00001110
00111000
01000000
01000000
00111000
00001001
00001101
00001011
00001001
01110000
01000000
01110000
01000000
01110001
00011011
00010101
00010001
01110000
01000000
01110000
00011100
01110010
00011100
00010010
00011100
01110000
01000000
01110000
01000000
01111110
00010000
00010000
00001110
00000000
00001000
00000100
01111110
00000100
00001000
00000000
00000000
00000000
00010000
00100000
01111110
00100000
00010000
00000000
00000000
00000000
00001000
00011100
00101010
00001000
00001000
00001000
00000000
00000000
00001000
00001000
00001000
00101010
00011100
00001000
00000000
00000000
00000000
00000000
00000000
00000000
00000000
00000000
00000000
00001000
00001000
00001000
00001000
00000000
00000000
00001000
00000000
00100100
00100100
00100100
00000000
00000000
00000000
00000000
00000000
00100100
00100100
01111110
00100100
01111110
00100100
00100100
00000000
00001000
00011110
00101000
00011100
00001010
00111100
00001000
00000000
00000000
01100010
01100100
00001000
00010000
00100110
01000110
00000000
00110000
01001000
01001000
00110000
01001010
01000100
00111010
00000000
00000100
00001000
00010000
00000000
00000000
00000000
00000000
00000000
00000100
00001000
00010000
00010000
00010000
00001000
00000100
00000000
00100000
00010000
00001000
00001000
00001000
00010000
00100000
00000000
00001000
00101010
00011100
00111110
00011100
00101010
00001000
00000000
00000000
00001000
00001000
00111110
00001000
00001000
00000000
00000000
00000000
00000000
00000000
00000000
00000000
00001000
00001000
00010000
00000000
00000000
00000000
01111110
00000000
00000000
00000000
00000000
00000000
00000000
00000000
00000000
00000000
00011000
00011000
00000000
00000000
00000010
00000100
00001000
00010000
00100000
01000000
00000000
00111100
01000010
01000110
01011010
01100010
01000010
00111100
00000000
00001000
00011000
00101000
00001000
00001000
00001000
00111110
00000000
00111100
01000010
00000010
00001100
00110000
01000000
01111110
00000000
00111100
01000010
00000010
00011100
00000010
01000010
00111100
00000000
00000100
00001100
00010100
00100100
01111110
00000100
00000100
00000000
01111110
01000000
01111000
00000100
00000010
01000100
00111000
00000000
00011100
00100000
01000000
01111100
01000010
01000010
00111100
00000000
01111110
01000010
00000100
00001000
00010000
00010000
00010000
00000000
00111100
01000010
01000010
00111100
01000010
01000010
00111100
00000000
00111100
01000010
01000010
00111110
00000010
00000100
00111000
00000000
00000000
00000000
00001000
00000000
00000000
00001000
00000000
00000000
00000000
00000000
00001000
00000000
00000000
00001000
00001000
00010000
00001110
00011000
00110000
01100000
00110000
00011000
00001110
00000000
00000000
00000000
01111110
00000000
01111110
00000000
00000000
00000000
01110000
00011000
00001100
00000110
00001100
00011000
01110000
00000000
00111100
01000010
00000010
00001100
00010000
00000000
00010000
00000000
00011100
00100010
01001010
01010110
01001100
00100000
00011110
00000000
00011000
00100100
01000010
01111110
01000010
01000010
01000010
00000000
01111100
00100010
00100010
00111100
00100010
00100010
01111100
00000000
00011100
00100010
01000000
01000000
01000000
00100010
00011100
00000000
01111000
00100100
00100010
00100010
00100010
00100100
01111000
00000000
01111110
01000000
01000000
01111000
01000000
01000000
01111110
00000000
01111110
01000000
01000000
01111000
01000000
01000000
01000000
00000000
00011100
00100010
01000000
01001110
01000010
00100010
00011100
00000000
01000010
01000010
01000010
01111110
01000010
01000010
01000010
00000000
00011100
00001000
00001000
00001000
00001000
00001000
00011100
00000000
00001110
00000100
00000100
00000100
00000100
01000100
00111000
00000000
01000010
01000100
01001000
01110000
01001000
01000100
01000010
00000000
01000000
01000000
01000000
01000000
01000000
01000000
01111110
00000000
01000010
01100110
01011010
01011010
01000010
01000010
01000010
00000000
01000010
01100010
01010010
01001010
01000110
01000010
01000010
00000000
00011000
00100100
01000010
01000010
01000010
00100100
00011000
00000000
01111100
01000010
01000010
01111100
01000000
01000000
01000000
00000000
00011000
00100100
01000010
01000010
01001010
00100100
00011010
00000000
01111100
01000010
01000010
01111100
01001000
01000100
01000010
00000000
00111100
01000010
01000000
00111100
00000010
01000010
00111100
00000000
00111110
00001000
00001000
00001000
00001000
00001000
00001000
00000000
01000010
01000010
01000010
01000010
01000010
01000010
00111100
00000000
01000010
01000010
01000010
00100100
00100100
00011000
00011000
00000000
01000010
01000010
01000010
01011010
01011010
01100110
01000010
00000000
01000010
01000010
00100100
00011000
00100100
01000010
01000010
00000000
00100010
00100010
00100010
00011100
00001000
00001000
00001000
00000000
01111110
00000010
00000100
00011000
00100000
01000000
01111110
00000000
00111100
00100000
00100000
00100000
00100000
00100000
00111100
00000000
00100010
00100010
00010100
00111110
00001000
00111110
00001000
00000000
00111100
00000100
00000100
00000100
00000100
00000100
00111100
00000000
00001000
00010100
00100010
00000000
00000000
00000000
00000000
00000000
00000000
00000000
00000000
00000000
00000000
00000000
01111110
00000000
00000000
00000000
00000000
00000000
00000000
00000000
00000000
00000000
00000000
00000000
00111100
00000100
00111100
01000100
00111010
00000000
01000000
01000000
01011100
01100010
01000010
01100010
01011100
00000000
00000000
00000000
00111100
01000010
01000000
01000010
00111100
00000000
00000010
00000010
00111010
01000110
01000010
01000110
00111010
00000000
00000000
00000000
00111100
01000010
01111110
01000000
00111100
00000000
00001100
00010010
00010000
01111100
00010000
00010000
00010000
00000000
00000000
00000000
00111010
01000110
01000110
00111010
00000010
00111100
01000000
01000000
01011100
01100010
01000010
01000010
01000010
00000000
00001000
00000000
00011000
00001000
00001000
00001000
00011100
00000000
00000100
00000000
00001100
00000100
00000100
00000100
01000100
00111000
01000000
01000000
01000100
01001000
01010000
01101000
01000100
00000000
00011000
00001000
00001000
00001000
00001000
00001000
00011100
00000000
00000000
00000000
01110110
01001001
01001001
01001001
01001001
00000000
00000000
00000000
01011100
01100010
01000010
01000010
01000010
00000000
00000000
00000000
00111100
01000010
01000010
01000010
00111100
00000000
00000000
00000000
01011100
01100010
01100010
01011100
01000000
01000000
00000000
00000000
00111010
01000110
01000110
00111010
00000010
00000010
00000000
00000000
01011100
01100010
01000000
01000000
01000000
00000000
00000000
00000000
00111110
01000000
00111100
00000010
01111100
00000000
00010000
00010000
01111100
00010000
00010000
00010010
00001100
00000000
00000000
00000000
01000010
01000010
01000010
01000110
00111010
00000000
00000000
00000000
01000010
01000010
01000010
00100100
00011000
00000000
00000000
00000000
01000001
01001001
01001001
01001001
00110110
00000000
00000000
00000000
01000010
00100100
00011000
00100100
01000010
00000000
00000000
00000000
01000010
01000010
01000110
00111010
00000010
00111100
00000000
00000000
01111110
00000100
00011000
00100000
01111110
00000000
00001110
00010000
00010000
00100000
00010000
00010000
00001110
00000000
00001000
00001000
00000000
00000000
00000000
00001000
00001000
00000000
01110000
00001000
00001000
00000100
00001000
00001000
01110000
00000000
00110000
01001001
00000110
00000000
00000000
00000000
00000000
00000000
00000000
00000000
00000000
00000000
00000000
00000000
00000000
00000000
00000000
00000000
00000000
00000000
00000000
00000000
00000000
11111111
00000000
00000000
00000000
00000000
00000000
00000000
11111111
11111111
00000000
00000000
00000000
00000000
00000000
11111111
11111111
11111111
00000000
00000000
00000000
00000000
11111111
11111111
11111111
11111111
00000000
00000000
00000000
11111111
11111111
11111111
11111111
11111111
00000000
00000000
11111111
11111111
11111111
11111111
11111111
11111111
00000000
11111111
11111111
11111111
11111111
11111111
11111111
11111111
11111111
11111111
11111111
11111111
11111111
11111111
11111111
11111111
10000000
10000000
10000000
10000000
10000000
10000000
10000000
10000000
11000000
11000000
11000000
11000000
11000000
11000000
11000000
11000000
11100000
11100000
11100000
11100000
11100000
11100000
11100000
11100000
11110000
11110000
11110000
11110000
11110000
11110000
11110000
11110000
11111000
11111000
11111000
11111000
11111000
11111000
11111000
11111000
11111100
11111100
11111100
11111100
11111100
11111100
11111100
11111100
11111110
11111110
11111110
11111110
11111110
11111110
11111110
11111110
00001000
00001000
00001000
00001000
11111111
00001000
00001000
00001000
00001000
00001000
00001000
00001000
11111111
00000000
00000000
00000000
00000000
00000000
00000000
00000000
11111111
00001000
00001000
00001000
00001000
00001000
00001000
00001000
11111000
00001000
00001000
00001000
00001000
00001000
00001000
00001000
00001111
00001000
00001000
00001000
11111111
00000000
00000000
00000000
00000000
00000000
00000000
00000000
00000000
00000000
00000000
00000000
11111111
00000000
00000000
00000000
00001000
00001000
00001000
00001000
00001000
00001000
00001000
00001000
00000001
00000001
00000001
00000001
00000001
00000001
00000001
00000001
00000000
00000000
00000000
00000000
00001111
00001000
00001000
00001000
00000000
00000000
00000000
00000000
11111000
00001000
00001000
00001000
00001000
00001000
00001000
00001000
00001111
00000000
00000000
00000000
00001000
00001000
00001000
00001000
11111000
00000000
00000000
00000000
00000000
00000000
00000000
00000000
00000011
00000100
00001000
00001000
00000000
00000000
00000000
00000000
11100000
00010000
00001000
00001000
00001000
00001000
00001000
00000100
00000011
00000000
00000000
00000000
00001000
00001000
00001000
00010000
11100000
00000000
00000000
00000000
00000000
00000000
00000000
00000000
00000000
00000000
00000000
00000000
00000000
00000000
00000000
00000000
00111000
00101000
00111000
00000000
00011100
00010000
00010000
00010000
00000000
00000000
00000000
00000000
00000000
00000000
00000000
00001000
00001000
00001000
00111000
00000000
00000000
00000000
00000000
00000000
00100000
00010000
00001000
00000000
00000000
00000000
00000000
00011000
00011000
00000000
00000000
00000000
00000000
01111110
00000010
01111110
00000010
00000100
00111000
00000000
00000000
00000000
00111110
00000010
00001100
00001000
00010000
00000000
00000000
00000000
00000100
00001000
00011000
00101000
00001000
00000000
00000000
00000000
00001000
00111110
00100010
00000010
00001100
00000000
00000000
00000000
00000000
00111110
00001000
00001000
00111110
00000000
00000000
00000000
00000100
00111110
00001100
00010100
00100100
00000000
00000000
00000000
00010000
00111110
00010010
00010100
00010000
00000000
00000000
00000000
00000000
00011100
00000100
00000100
00111110
00000000
00000000
00000000
00111100
00000100
00111100
00000100
00111100
00000000
00000000
00000000
00000000
00101010
00101010
00000010
00001100
00000000
00000000
00000000
00000000
00111110
00000000
00000000
00000000
00000000
01111110
00000010
00000010
00010100
00011000
00010000
00100000
00000000
00000010
00000100
00001000
00011000
00101000
01001000
00001000
00000000
00001000
01111110
01000010
01000010
00000010
00000100
00111000
00000000
00000000
00111110
00001000
00001000
00001000
00001000
00111110
00000000
00001000
01111110
00001000
00011000
00101000
01001000
00001000
00000000
00010000
01111110
00010010
00010010
00010010
00010010
00100100
00000000
00001000
00111110
00001000
00111110
00001000
00001000
00001000
00000000
00011110
00100010
01000010
00000100
00001000
00010000
01100000
00000000
00100000
00111110
01001000
00001000
00001000
00001000
00010000
00000000
00000000
01111110
00000010
00000010
00000010
00000010
01111110
00000000
00100100
01111110
00100100
00100100
00000100
00001000
00010000
00000000
00000000
01110000
00000000
01110010
00000010
00000100
01111000
00000000
01111110
00000010
00000100
00001000
00011000
00100100
01000010
00000000
00100000
01111110
00100010
00100100
00100000
00100000
00011110
00000000
01000010
01000010
00100010
00000010
00000100
00001000
00110000
00000000
00011110
00100010
01100010
00010100
00001000
00010000
01100000
00000000
00000100
00111000
00001000
01111110
00001000
00001000
01110000
00000000
00000000
01010010
01010010
01010010
00000100
00001000
01110000
00000000
00111100
00000000
01111110
00001000
00001000
00010000
00100000
00000000
00010000
00010000
00010000
00011000
00010100
00010000
00010000
00000000
00001000
00001000
01111110
00001000
00001000
00010000
00100000
00000000
00000000
00111100
00000000
00000000
00000000
00000000
01111110
00000000
00000000
00111110
00000010
00010100
00001000
00010100
00100000
00000000
00001000
00111110
00000100
00001000
00011100
00101010
00001000
00000000
00000010
00000010
00000010
00000100
00001000
00010000
00100000
00000000
00010000
00001000
00000100
01000010
01000010
01000010
01000010
00000000
01000000
01000000
01111110
01000000
01000000
01000000
00111110
00000000
00000000
01111110
00000010
00000010
00000100
00001000
00110000
00000000
00000000
00010000
00101000
01000100
00000010
00000010
00000000
00000000
00001000
00111110
00001000
00001000
00101010
00101010
00001000
00000000
01111110
00000010
00000010
00000100
00101000
00010000
00001000
00000000
00000000
00111100
00000000
00111100
00000000
01111100
00000010
00000000
00000100
00001000
00010000
00100000
01001000
01111100
00000010
00000000
00000000
00000010
00000010
00010100
00001000
00010100
01100000
00000000
00000000
01111110
00010000
01111110
00010000
00010000
00011110
00000000
00100000
00100000
01111110
00100010
00100100
00100000
00100000
00000000
00000000
00111000
00001000
00001000
00001000
00001000
01111110
00000000
01111110
00000010
00000010
01111110
00000010
00000010
01111110
00000000
00111100
00000000
01111110
00000010
00000100
00001000
00010000
00000000
01000010
01000010
01000010
01000010
00000010
00000100
00011000
00000000
00101000
00101000
00101000
00101010
00101010
00101100
01001000
00000000
00100000
00100000
00100000
00100010
00100100
00101000
00110000
00000000
00000000
01111110
01000010
01000010
01000010
01000010
01111110
00000000
00000000
01111110
01000010
01000010
00000010
00000100
00011000
00000000
00000000
01110000
00000010
00000010
00000100
00001000
01110000
00000000
00010000
01001000
00100000
00000000
00000000
00000000
00000000
00000000
01110000
01010000
01110000
00000000
00000000
00000000
00000000
00000000
00000000
00000000
11111111
00000000
00000000
11111111
00000000
00000000
00001000
00001000
00001111
00001000
00001000
00001111
00001000
00001000
00001000
00001000
11111111
00001000
00001000
11111111
00001000
00001000
00001000
00001000
11111000
00001000
00001000
11111000
00001000
00001000
00000001
00000011
00000111
00001111
00011111
00111111
01111111
11111111
10000000
11000000
11100000
11110000
11111000
11111100
11111110
11111111
11111111
01111111
00111111
00011111
00001111
00000111
00000011
00000001
11111111
11111110
11111100
11111000
11110000
11100000
11000000
10000000
00001000
00011100
00111110
01111111
01111111
00011100
00111110
00000000
00110110
01111111
01111111
01111111
00111110
00011100
00001000
00000000
00001000
00011100
00111110
01111111
00111110
00011100
00001000
00000000
00011100
00011100
01111111
01111111
01101011
00001000
00111110
00000000
00000000
00111100
01111110
01111110
01111110
01111110
00111100
00000000
00000000
00111100
01000010
01000010
01000010
01000010
00111100
00000000
00000001
00000010
00000100
00001000
00010000
00100000
01000000
10000000
10000000
01000000
00100000
00010000
00001000
00000100
00000010
00000001
10000001
01000010
00100100
00011000
00011000
00100100
01000010
10000001
01111111
01001001
01001001
01111111
01000001
01000001
01000001
00000000
01000000
01111110
01001000
00111100
00101000
01111110
00001000
00000000
00111111
00100001
00111111
00100001
00111111
00100001
01000001
00000000
01111111
01000001
01000001
01111111
01000001
01000001
01111111
00000000
00000100
11101110
10100100
11101111
10100010
11101111
00001010
00000010
00000000
00011000
00100100
01000010
00111100
00010100
00100100
00000000
00111010
00010010
01111111
00010111
00111011
01010010
00010100
00000000
00000000
00000000
00000000
00000000
00000000
00000000
00000000
00000000
00000000
00000000
00000000
00000000
00000000
00000000
00000000
00000000
00000000
00000000
00000000
00000000
00000000
00000000
00000000
00000000
00000000
00000000
00000000
00000000
00000000
00000000
00000000
00000000
00000000
00000000
00000000
00000000
00000000
00000000
00000000
00000000
00000000
00000000
00000000
00000000
00000000
00000000
00000000
00000000
00000000
00000000
00000000
00000000
00000000
00000000
00000000
00000000
00000000
00000000
00000000
00000000
00000000
00000000
00000000
00000000
